0.01614,2.1318
0.010779,2.1833
0.008497,2.5494
0.022405,2.6248
0.0039503,2.4907
0.0025756,2.8005
0.011866,2.4684
0.010939,2.6688
0.006521,2.6658
0.010708,2.135
0.022615,2.4359
0.029271,2.494
0.021122,2.1626
0.022316,2.143
0.029156,2.1157
0.021206,2.1004
0.012585,2.5735
0.012384,2.0325
0.027033,2.2143
0.0012625,2.7955
0.0032569,2.6362
0.011005,2.8082
0.0039679,2.8479
0.011063,2.6084
0.016611,2.7682
0.0073547,2.8349
0.014092,2.7899
0.018694,2.8638
0.0057237,2.4858
0.004884,2.592
0.0033243,2.5871
0.00602,2.7239
0.0065987,2.6217
0.029886,2.8003
0.0087299,2.3508
0.0038984,2.6198
0.018909,2.7984
0.012243,2.3326
0.0051985,2.5744
0.0082818,2.7818
0.014092,2.7603
0.018446,2.5274
0.015247,2.7783
0.014978,2.8103
0.026125,2.8519
0.0034819,2.6699
0.010519,2.5847
0.020289,2.8167
0.011972,2.7007
0.011966,2.8589
0.010466,2.4886
0.01776,2.6689
0.0095,2.618
0.018724,2.8381
0.0073305,2.7849
0.010531,2.7616
0.011688,2.3682
0.016786,2.846
0.0083726,2.7176
0.013848,2.7928
0.0035534,2.5506
0.0052004,2.1421
0.01686,2.7406
0.0043939,2.7899
0.011138,2.6411
0.0044585,2.6022
0.0066656,2.7528
0.0068535,2.7448
0.017822,2.8469
0.0033593,2.5623
0.0046403,2.6801
0.0068556,2.6825
0.0048236,2.6335
0.0074665,2.3758
0.0055259,2.7615
0.0076934,2.6721
0.021835,2.6717
0.00038098,2.7566
0.0025629,2.7906
0.019574,2.8226
0.0094598,2.5782
0.014664,2.8685
0.01837,2.0406
0.016278,2.6425
0.016832,2.7948
0.0095689,2.5479
0.017538,1.9785
0.0026361,2.782
0.0084412,2.3386
0.029353,2.6994
0.012708,2.5418
0.0085848,2.1417
0.0046681,2.8134
0.028711,2.7576
0.025175,1.9067
0.014724,2.5051
0.009706,2.5784
0.023451,2.5999
0.015175,2.8421
0.0063678,2.7704
0.025536,2.5911
0.0057669,2.1531
0.012751,2.5902
0.015746,2.8031
0.021476,2.769
0.0070972,2.3849
0.008309,2.7569
0.028688,2.7441
0.0174,2.7902
0.01747,2.7918
0.005591,2.6933
0.0068695,2.4007
0.0044875,2.815
0.011483,2.5423
0.0058486,2.7094
0.0025613,2.5564
0.0076042,2.7054
0.0047386,2.682
0.0086998,2.6417
0.019408,2.8341
0.011811,2.5032
0.0011254,2.8039
0.011343,2.7062
0.0040813,2.7043
0.018463,2.7752
0.011293,2.3037
0.0086267,2.7907
0.017982,2.6535
0.01434,2.7076
0.014109,2.8359
0.0082462,2.5261
0.025206,2.6811
0.0056275,2.2083
0.01208,2.8091
0.0035666,2.6773
0.0087332,2.6697
0.021123,2.5404
0.0087824,2.8252
0.017758,2.543
0.036361,2.5162
0.014001,2.7345
0.011674,2.7607
0.017355,2.6957
0.0061014,2.7461
0.011268,2.3838
0.0051713,2.3971
0.012705,2.8116
0.014171,2.719
0.0069608,2.7466
0.005924,2.4324
0.01174,2.0659
0.0030396,2.5894
0.025243,2.7815
0.007877,2.5349
0.012461,1.997
0.016872,2.1545
0.0027727,2.4474
0.015786,2.0831
0.0027639,2.5646
0.0049115,2.6587
0.0050829,2.6576
0.012937,2.6836
0.0020591,2.7372
0.016967,2.3842
0.01366,2.8141
0.0083338,2.6443
0.0090303,2.6885
0.0087983,2.6018
0.016123,2.314
0.0073132,2.6142
0.00731,2.6845
0.0061617,2.4539
0.0028111,2.5313
0.003729,1.8775
0.0046531,2.7596
0.0074739,2.5615
0.019714,2.2053
0.035054,2.6062
0.011732,2.6526
0.009667,2.4564
0.0013379,2.7271
0.0065046,2.2012
0.0052811,2.7524
0.025338,2.363
0.021102,2.4191
0.016215,2.0821
0.048092,2.8436
0.0097847,2.5249
0.00064739,2.8456
0.013659,2.4066
0.011639,2.846
0.010062,2.6394
0.0069511,2.711
0.015215,2.8961
0.017435,2.9161
0.0079013,2.6957
0.0079628,2.8708
0.002244,2.8744
0.004999,2.9279
0.015662,2.6065
0.0050098,2.7615
0.0074927,2.4063
0.0051223,2.6431
0.0083662,2.6942
0.011681,2.4127
0.017117,2.711
0.0081596,2.912
0.011892,2.6919
0.01821,2.8841
0.00584,2.8401
0.0047134,2.8718
0.0088912,2.8613
0.013472,2.9404
0.017693,2.8516
0.0108,2.9318
0.022483,2.4232
0.044117,2.7829
0.0068159,2.7788
0.008803,2.578
0.015894,2.8882
0.016701,2.8771
0.017325,2.8915
0.014071,2.8018
0.014006,2.5883
0.01365,2.8848
0.0045473,2.7911
0.010181,2.89
0.0027324,2.8572
0.014195,2.5273
0.0031915,2.8091
0.0029137,2.6848
0.00058602,2.8117
0.015086,2.5593
0.0082811,2.6516
0.012228,2.7766
0.010743,2.89
0.012379,2.9189
0.0031046,2.8554
0.0039322,2.6906
0.008622,2.7837
0.014456,2.1769
0.014692,2.8864
0.015332,2.8099
0.034689,2.8917
0.044049,2.8957
0.012032,2.372
0.044266,2.8993
0.009314,2.6197
0.0064803,2.7488
0.019229,2.9056
0.003856,2.8065
0.0046517,2.9359
0.0099872,2.4683
0.0066595,2.798
0.0063761,2.3903
0.01269,2.5563
0.017741,2.778
0.039272,2.8369
0.039588,2.6235
0.019948,2.4701
0.0074057,2.9316
0.030878,2.6535
0.012047,2.9044
0.051308,2.8701
0.010385,2.9078
0.028732,2.6628
0.0052868,2.5473
0.0041304,2.9025
0.0045977,2.5994
0.048305,2.8922
0.0075961,2.7714
0.011742,2.309
0.01296,2.8039
0.0086307,2.8538
0.01608,2.685
0.0061101,2.7362
0.0090077,2.7144
0.012775,2.543
0.014692,2.6595
0.011033,2.8817
0.012134,2.6625
0.0029722,2.7227
0.012221,2.9298
0.0041323,2.767
0.020055,2.8485
0.011207,2.8114
0.014022,2.7066
0.014666,2.9077
0.010849,2.7806
0.0037536,2.6855
0.013423,2.859
0.0064016,2.9175
0.0039064,2.4592
0.012215,2.7623
0.0095601,2.7491
0.0030275,2.632
0.00089273,2.7009
0.017387,2.4251
0.023538,2.7687
0.014614,2.8376
0.0061158,2.4064
0.011311,2.7571
0.0017538,2.6526
0.025176,2.8712
0.0094409,2.419
0.0079254,2.7904
0.003711,2.8211
0.0024784,2.7695
0.029833,2.6464
0.012912,2.6896
0.015178,2.7192
0.011896,2.8195
0.0055217,2.8179
0.0093256,2.7796
0.011648,2.4672
0.014728,2.8164
0.0069127,2.5141
0.033083,2.5435
0.032717,2.2717
0.0093674,2.5264
0.0034868,2.3591
0.0056866,2.4589
0.0063204,2.8099
0.007071,2.3486
0.057271,2.7125
0.036016,2.7601
0.068751,2.7689
0.11007,2.3818
0.14642,2.7486
0.18697,2.857
0.027262,2.79
0.12768,2.6556
0.12605,2.4083
0.26356,2.4968
0.08834,2.7467
0.39358,2.8689
0.2018,2.7995
0.26817,2.7803
0.2555,2.4695
0.25069,2.8471
0.24492,2.5519
0.13224,2.6987
0.083255,2.7793
0.20508,2.6921
0.070084,2.7459
0.41314,2.9387
0.11202,2.7505
0.16029,2.655
0.06365,2.531
0.13683,2.6073
0.1465,2.7009
0.15219,2.8483
0.1925,2.7188
0.067726,2.5804
0.054775,2.6875
0.20252,2.7757
0.015689,2.7521
0.04407,2.4819
0.1643,2.2669
0.045913,2.5064
0.076938,2.7497
0.11248,2.7654
0.07318,2.7155
0.13749,2.7724
0.11712,2.7964
0.074227,2.7097
0.21976,2.3582
0.30419,2.8642
0.030587,2.6213
0.08713,2.7508
0.032625,2.764
0.17312,2.7722
0.16977,2.7138
0.33485,2.8793
0.10494,2.6211
0.20849,2.8427
0.21705,2.8341
0.031908,2.594
0.11482,2.5445
0.2247,2.9443
0.11071,2.8141
0.077774,2.6918
0.021994,2.7497
0.073397,2.7254
0.060206,2.9192
0.13538,2.7353
0.11871,2.8241
0.048558,2.7853
0.12019,2.7803
0.052804,2.7907
0.10094,2.7763
0.051586,2.8107
0.051845,2.811
0.11029,2.8192
0.30333,2.4889
0.0091745,2.7747
0.28152,2.9102
0.087583,2.6914
0.24187,2.3426
0.37454,2.4978
0.085448,2.614
0.085699,2.6296
0.25799,2.2906
0.036165,2.7417
0.10568,2.6623
0.15225,2.6954
0.0356,2.754
0.17635,2.4801
0.085288,2.8416
0.23028,2.4314
0.046798,2.5843
0.23827,2.5443
0.24535,2.6368
0.093256,2.759
0.11578,2.7597
0.0082094,2.6529
0.28475,2.7225
0.17755,2.7427
0.28435,2.5225
0.17365,2.7591
0.19292,2.7098
0.10188,2.5989
0.088592,2.3948
0.11253,2.6229
0.11839,2.718
0.16141,2.8258
0.1702,2.6716
0.12552,2.6523
0.1022,2.7106
0.047687,2.8024
0.1516,2.8185
0.18995,2.7998
0.25609,2.8849
0.03573,2.6564
0.30517,2.7558
0.048518,2.7108
0.053253,2.7494
0.31619,2.779
0.072516,2.6418
0.085983,2.8089
0.014041,2.748
0.41405,2.8621
0.22688,2.8905
0.18715,2.6795
0.25141,2.3032
0.11856,2.8448
0.040963,2.7802
0.031819,2.7656
0.11266,2.8608
0.074617,2.7679
0.079418,2.7586
0.11018,2.734
0.069686,2.8633
0.066775,2.8175
0.018975,2.5617
0.22409,1.9751
0.026379,2.3761
0.043897,2.443
0.16521,2.4762
0.10835,2.8104
0.12436,2.6376
0.065168,2.7148
0.062586,2.7762
0.07704,2.52
0.047694,2.6893
0.051494,2.6562
0.091922,2.7857
0.0087849,2.6773
0.13249,2.6258
0.057913,2.7141
0.1085,2.7216
0.21982,2.7811
0.21638,2.8212
0.0014634,2.7236
0.078833,2.8316
0.067862,2.6843
0.021861,2.7529
0.045559,2.7935
0.1165,2.635
0.057335,2.8199
0.081329,2.6944
0.058353,2.7382
0.069988,2.7441
0.010921,2.7179
0.040602,2.6059
0.074748,2.2683
0.037287,2.6202
0.036184,2.8128
0.0072857,2.5318
0.02584,2.6522
0.020894,2.6359
0.0069923,2.4773
0.03976,2.8732
0.019452,2.7214
0.001344,2.471
0.013159,2.3456
0.0078464,2.3854
0.008772,2.4646
0.014979,2.1164
0.040446,2.848
0.019205,2.636
0.015496,2.8488
0.0084084,2.416
0.010878,2.5339
0.0058017,2.6533
0.014542,2.8516
0.014114,2.8862
0.0087745,2.6837
0.010584,2.8048
0.0071013,2.7165
0.014806,2.9028
0.006569,2.9157
0.011482,2.6898
0.0040304,2.4096
0.0051802,2.3438
0.0063586,2.6562
0.013556,2.5195
0.018057,2.4222
0.001735,2.5186
0.0083316,2.5848
0.0093632,2.8763
0.0081423,2.5699
0.010424,2.6045
0.0074063,2.6651
0.0041952,2.8337
0.013925,2.8749
0.0095155,2.817
0.0074232,2.9185
0.024292,2.8127
0.018267,2.9161
0.012639,2.423
0.013139,2.8084
0.015226,2.1737
0.0076606,2.8498
0.01252,2.8693
0.007002,2.5678
0.0068329,2.6864
0.014401,2.7582
0.01163,2.8843
0.01441,2.8597
0.010043,2.8343
0.019253,2.8455
0.0046171,2.8997
0.027696,2.8254
0.0075795,2.8466
0.011879,2.6611
0.0034056,2.58
0.0088952,2.5836
0.0016424,2.5015
0.0060466,2.6997
0.010839,2.5891
0.012516,2.6067
0.010358,2.6223
0.011838,2.6962
0.010691,2.6866
0.0091896,2.6182
0.0034381,2.8418
0.0037305,2.6784
0.033574,2.899
0.015641,2.7885
0.027333,2.7754
0.026934,2.7941
0.02911,2.8431
0.0057716,2.5159
0.026547,2.9298
0.041077,2.9174
0.0034225,2.6641
0.022087,2.7337
0.0071907,2.8574
0.011466,2.6778
0.01389,2.8749
0.006308,2.9464
0.0049782,2.832
0.0020717,2.2765
0.037853,2.8934
0.010623,2.5572
0.016357,2.9146
0.011807,2.8759
0.016602,2.8111
0.036193,2.66
0.016498,2.8143
0.0179,2.927
0.03229,2.857
0.0127,2.9117
0.020614,2.6558
0.0021365,2.6665
0.030614,2.8709
0.014672,2.5991
0.033697,2.8545
0.026564,2.8539
0.0077069,2.4889
0.01037,2.5434
0.011642,2.6082
0.0059193,2.8724
0.017927,2.6935
0.0012279,2.5095
0.0087667,2.5752
0.010617,2.3881
0.027839,2.8324
0.004566,2.6886
0.0050981,2.6564
0.0176,2.7325
0.012194,2.9152
0.016941,2.9073
0.01853,2.7567
0.0080237,2.7864
0.013169,2.784
0.0097711,2.7401
0.0076048,2.7721
0.0099953,2.8807
0.014541,2.8171
0.0086345,2.79
0.0072226,2.3986
0.010508,2.8405
0.013108,2.7157
0.0013779,2.6214
0.0076989,2.7214
0.032297,2.6941
0.013092,2.5051
0.031505,2.4637
0.012159,2.7777
0.017175,2.7739
0.0072007,2.6233
0.017614,2.7774
0.011429,2.8455
0.003675,2.4479
0.0098627,2.8588
0.0052164,2.4626
0.0021276,2.509
0.046061,2.8849
0.010829,2.4916
0.011612,2.6742
0.008924,2.7309
0.0021805,2.4909
0.0066486,2.6133
0.032532,2.8113
0.0064908,2.4524
0.0018473,2.6124
0.0068179,2.6968
0.03043,2.7841
0.0070056,2.3004
0.035458,2.8233
0.0057131,2.4859
0.0083771,2.652
0.0032845,2.5466
0.0036918,2.4318
0.0043846,2.491
0.010835,2.2271
0.030792,2.535
0.026732,2.1716
0.021083,2.2629
0.028104,2.564
0.034897,2.4527
0.034266,2.6804
0.025318,2.4806
0.016537,2.2597
0.033619,2.3904
0.010291,2.2763
0.022625,2.4326
0.01701,2.4759
0.038731,2.2334
0.038605,2.3879
0.025474,2.7296
0.0093739,2.3804
0.024185,2.6286
0.030507,2.6954
0.014686,2.7578
0.012307,2.5239
0.017647,2.5401
0.036759,2.7457
0.0083882,2.5399
0.030232,2.3938
0.04941,2.1521
0.010843,2.4906
0.0091809,2.6639
0.013352,2.4804
0.01675,2.674
0.027427,2.5564
0.010603,2.6358
0.013505,2.0521
0.016621,2.7082
0.0070796,2.4076
0.028209,2.7033
0.018123,2.6269
0.016708,2.726
0.029647,2.6217
0.010445,2.4375
0.0077186,2.6234
0.025112,2.5642
0.026057,2.6462
0.030589,2.6495
0.0143,2.6706
0.0046542,2.6806
0.028172,2.7292
0.032489,2.5913
0.028728,2.5801
0.016443,2.694
0.020482,2.7488
0.033017,2.7136
0.025507,2.6619
0.039985,2.53
0.012774,2.6423
0.0049992,2.5864
0.0048966,2.6008
0.014316,2.6055
0.015033,2.5749
0.013301,2.6739
0.019656,2.6951
0.016816,2.707
0.022989,2.6332
0.012119,2.5926
0.0051212,2.7059
0.01398,2.6674
0.02921,2.6872
0.018755,2.1282
0.01232,2.8003
0.022528,2.721
0.022205,2.7427
0.024831,2.4876
0.028162,2.6489
0.020858,2.5676
0.02628,2.6536
0.015995,2.5129
0.010946,2.5005
0.027136,2.7822
0.019805,2.6721
0.017968,2.607
0.029848,2.5532
0.0062576,2.6754
0.023472,2.7435
0.018902,2.5547
0.013097,2.695
0.040617,2.4753
0.024471,2.7087
0.019309,2.636
0.032709,2.5308
0.042761,2.4277
0.020141,2.7399
0.030992,2.6834
0.029835,2.6726
0.025531,2.4785
0.011193,2.709
0.02294,2.684
0.024071,2.317
0.015081,2.4809
0.020173,2.443
0.044852,2.456
0.010795,2.4785
0.024749,2.6118
0.021996,2.4405
0.0056429,2.4577
0.014675,2.7165
0.010078,2.5608
0.0037584,2.5493
0.035305,2.6933
0.008037,2.0717
0.029787,2.6607
0.02312,2.6237
0.013544,2.7954
0.027936,2.4699
0.020346,2.5373
0.0068304,2.479
0.018221,2.6211
0.010514,2.2082
0.029917,2.5759
0.028524,2.4374
0.010003,2.4635
0.01765,2.6309
0.0168,2.6245
0.0094248,2.4713
0.014026,2.3991
0.030706,2.683
0.023461,2.4661
0.024765,2.6622
0.022823,2.375
0.032123,2.4138
0.014731,2.3758
0.024827,2.4023
0.028951,2.5483
0.0088061,2.3995
0.014621,2.3112
0.026104,2.5517
0.026326,2.463
0.033438,2.5938
0.0075573,2.5761
0.011804,2.6275
0.026142,2.6747
0.025216,2.0013
0.015058,2.6238
0.02868,2.1054
0.018211,2.4256
0.026189,2.4652
0.040468,2.3564
0.034481,2.4677
0.016873,2.6731
0.023366,2.5504
0.0070506,2.6441
0.033703,2.6541
0.026065,2.3327
0.020102,2.4263
0.0092256,2.5638
0.0061035,2.3959
0.035719,2.6825
0.0036021,2.7844
0.0014856,2.7272
0.0026098,2.8121
0.0026763,2.5661
0.0036013,2.7863
0.0035756,2.6981
0.0004528,2.7537
0.000399,2.7826
0.0043221,2.6808
0.0057981,2.5364
0.0036722,2.58
0.0037591,2.2866
0.0051667,2.6743
0.0032389,2.5609
0.0027301,2.7653
0.0030948,2.4547
0.0027881,2.269
0.00062848,2.827
0.0014856,2.8188
0.0028866,2.7745
0.00097759,2.7782
0.0013305,2.5228
0.0042722,2.7759
0.0015058,2.7171
0.0019015,2.7865
0.0021045,2.7726
0.004548,2.7049
0.0014433,2.5425
0.012244,2.5635
0.0027795,2.7487
0.0032241,2.7451
0.002587,2.7352
0.0010918,2.7447
0.001366,2.7089
0.0030849,2.7118
0.0017346,2.8121
0.0013615,2.7659
0.0016523,2.8168
0.0012568,2.6879
0.0021737,2.7428
0.0002578,2.8199
0.0022783,2.7054
8.5422e-05,2.8183
0.0036264,2.7419
0.0037121,2.7344
0.0033641,2.7894
0.0016321,2.5367
0.00056356,2.6821
0.0035359,2.8276
0.0038128,2.4954
0.002334,2.7994
0.0027282,2.7735
0.0033253,2.6723
0.00090587,2.6982
0.0054594,2.6714
0.0011762,2.6477
0.0039297,2.7183
0.0023914,2.7129
0.0018801,2.8011
0.00037952,2.7697
0.0026696,2.7539
0.0020973,2.7752
0.004036,2.7128
0.0017056,2.7824
0.00077744,2.7334
0.0023525,2.6587
0.00058338,2.7077
0.00067976,2.6431
0.00028662,2.7908
0.0017811,2.662
0.001455,2.7899
0.0027985,2.736
0.002122,2.7679
0.00066137,2.6958
0.00062351,2.8434
0.0012818,2.7698
0.00097959,2.6638
0.0038644,2.775
0.00056633,2.7507
0.0030534,2.7286
0.0010994,2.8147
0.00082535,2.8703
0.0039658,2.7268
0.0051432,2.7181
0.00072313,2.7913
0.0029989,2.5336
0.0018804,2.7669
0.0029191,2.7991
0.0034359,2.7705
0.0029921,2.6597
0.0011256,2.7363
0.0035192,2.7
0.0042036,2.7774
0.0044551,2.7462
0.0029784,2.464
0.00022945,2.808
0.0028787,2.7733
0.0025957,2.7466
0.0051852,2.7187
0.0045572,2.7607
0.00077784,2.7611
0.0011719,2.7281
0.0016894,2.6252
0.0018089,2.7164
0.0017868,2.7313
0.0041899,2.714
0.0010609,2.7586
0.0037962,2.7425
0.0018093,2.7199
0.0014217,2.5561
0.001188,2.791
0.00059365,2.8018
0.0042722,2.651
0.0029529,2.8133
0.0016634,2.7121
0.0025618,2.6978
0.00087357,2.6306
0.0012141,2.8389
0.0053698,2.7647
0.00065275,2.7938
0.0022356,2.8688
0.0037255,2.7855
0.00083918,2.6487
0.0040054,2.6748
0.0035452,2.751
0.0049538,2.7559
0.00072367,2.7074
0.0016933,2.7559
0.0029297,2.7562
0.0022068,2.7031
0.0048973,2.4914
0.0043549,2.6843
0.0013333,2.7044
0.002959,2.8184
0.00070295,2.7743
0.0028719,2.6855
0.00094227,2.7259
0.00056678,2.8056
0.0010481,2.7555
0.001408,2.7486
0.0026452,2.7755
0.0012843,2.7623
0.003883,2.7564
0.0025987,2.7598
0.0035587,2.5445
0.0013834,2.6427
0.0036338,2.7226
7.8904e-05,2.65
0.0040014,2.763
0.0018901,2.7759
0.0054217,2.7694
0.00050074,2.7273
0.0043759,2.6535
0.0019412,2.7087
0.00037873,2.7857
0.0015032,2.6171
0.0028606,2.7489
0.0024775,2.7135
0.00016764,2.6537
0.00058028,2.7776
0.0037727,2.7631
0.0018289,2.675
0.000204,2.6497
0.0013218,2.577
0.0077542,2.5649
0.00049695,2.4962
0.019157,2.8083
0.0029859,2.4624
0.0067629,2.7455
0.0062078,2.1867
0.0031887,2.5864
0.023242,2.6128
0.0096549,2.2551
0.0041829,2.0703
0.016856,2.4916
0.0014556,2.2343
0.0059952,2.3286
0.0075537,2.5701
0.011647,2.1946
0.00075044,2.5204
0.0030871,2.3468
0.026396,2.8549
0.0035204,2.8614
0.0028388,2.5449
0.0044899,2.1658
0.0046963,2.8388
0.0050489,2.8769
0.0064643,2.4904
0.0034344,2.5806
0.0041442,2.4391
0.00059211,2.6702
0.0024091,2.6398
0.0057634,2.6628
0.017187,2.8115
0.0030588,2.3955
0.0025167,2.6865
0.0045646,2.1799
0.0020034,2.4199
0.0072216,2.7429
0.0052337,2.7882
0.0050783,2.575
0.0027393,2.7458
0.0021094,2.7845
0.014954,2.8087
0.0073915,2.6286
0.0030078,2.5944
0.0034576,2.7839
0.0031643,2.6897
0.00069466,2.8013
0.008468,2.8483
0.0037068,2.1394
0.0056813,2.7619
0.0016052,2.7891
0.0016645,1.9156
0.0050855,2.6804
0.0027187,2.7448
0.015612,2.689
0.0030778,2.717
0.0041091,2.656
0.0039315,2.7786
0.004586,2.6779
0.011099,2.7301
0.0027215,2.7854
0.0065016,2.5923
0.0044848,2.5156
0.0048793,2.7577
0.0050007,2.713
0.0021247,2.6621
0.0049208,2.7052
0.0067319,2.6476
0.004614,2.4228
0.0044184,2.8463
0.0037918,2.6778
0.0026304,2.8058
0.0029036,2.5523
0.019745,2.6808
0.022409,2.8123
0.0021565,2.8459
0.0063847,2.7864
0.016935,2.8843
0.0035166,2.7048
0.020286,2.7462
0.0089413,2.6925
0.0025999,2.8641
0.0041469,1.9278
0.0054536,2.1468
0.0021713,2.4212
0.0042501,2.6374
0.0078571,2.6977
0.0085776,2.8172
0.0093916,2.1046
0.0056832,2.7626
0.0088865,2.336
0.014734,2.1069
0.017333,2.8681
0.0067474,2.4798
0.0049715,2.7914
0.0040421,2.5053
0.0063512,2.5664
0.0056989,2.5687
0.004845,2.7283
0.0068171,2.5517
0.0057113,2.7564
0.002014,2.799
0.0025862,2.4878
0.0069285,2.7791
0.0045971,2.6067
0.0029484,2.729
0.0054692,2.5719
0.0036139,2.6838
0.003329,2.6187
0.00025176,2.651
0.0064193,2.8247
0.0034918,2.5211
0.008377,2.8038
0.0084842,2.5767
0.0032522,2.6407
0.0014691,2.5465
0.0097245,2.8105
0.0034547,2.6875
0.0057965,2.6867
0.0018957,2.6843
0.0055791,2.7413
0.024887,2.5961
0.0046143,2.5655
0.0037339,2.6766
0.0044092,2.5774
0.0020719,2.6415
0.0078902,2.7766
0.0077349,2.4354
0.0073621,2.6713
0.0040872,2.6451
0.00041615,2.6044
0.0049654,2.5895
0.0052699,2.175
0.0030634,2.4696
0.0040259,2.6757
0.0055619,2.671
0.0043759,2.4717
0.0021743,2.6103
0.0094519,2.5332
0.007547,2.5285
0.0024375,2.7143
0.0025035,2.6652
0.0015253,2.6662
0.006542,2.5709
0.005767,2.5635
0.0053298,2.4294
0.0023302,2.5992
0.002423,2.4358
0.0042372,2.5748
0.0024514,2.5714
0.0071326,2.7476
0.0011371,2.7503
0.0012991,2.7619
0.00082189,2.4645
0.00036548,2.6181
0.00076425,2.6333
0.0014079,2.6987
0.00072789,2.7189
0.00075939,2.7474
0.0010804,2.6946
0.001428,2.6337
0.0016323,2.8067
0.00091025,2.0382
0.00059783,2.711
0.002433,2.8608
0.0013819,2.7364
0.00041874,2.3341
0.0022107,2.7991
0.0016962,2.3551
0.0025835,2.8213
0.0020578,2.8481
0.00063146,2.8052
0.0017135,2.6992
0.0011072,2.6461
0.00044986,2.6969
0.001191,2.6368
0.0010425,2.7218
0.00027124,2.6301
0.00059883,2.7807
0.00062517,2.6926
0.00017538,2.5012
0.0028507,2.4538
0.0011158,2.717
0.0015649,2.6686
0.0010281,2.7438
0.00036078,2.7629
0.00034533,2.62
0.0019249,2.6015
0.00035817,2.8109
0.001251,2.6707
0.0012071,2.748
0.00058526,2.806
0.0015785,2.5785
0.00077867,2.6888
0.0012946,2.8001
0.0032025,2.7338
0.0015023,2.7403
0.00035736,2.7729
0.00049467,2.7972
0.00029853,2.8274
0.0002884,2.7166
0.00091535,2.7515
0.0012469,2.8532
0.0001403,2.7477
0.0017798,2.7282
0.0013539,2.6388
0.00097601,2.7886
0.00029907,2.6123
0.00062572,2.4988
0.00095605,2.3002
0.00033089,2.6961
0.00064438,2.809
0.00067403,2.7535
0.00088323,2.7133
0.0005006,2.7651
0.0004262,2.6886
0.0012197,2.7723
0.00086332,2.6513
0.00014962,2.6942
0.00055842,2.7863
0.00082805,2.8196
0.000925,2.748
0.0005012,2.7469
0.00068246,2.7627
0.00080274,2.789
0.00097476,2.6803
0.00044617,2.6589
0.00054743,2.7241
0.00017982,2.6751
0.00071601,2.8154
0.00042578,2.7579
0.00061206,2.7442
0.00061936,2.7526
0.00051575,2.7309
0.00098394,2.827
0.0015585,2.8425
0.00082486,2.8102
0.00034284,2.8765
0.0014426,2.7101
0.0016258,2.6753
0.001171,2.6762
0.0012703,2.5744
0.00033835,2.6238
0.00073613,2.7548
0.0010873,2.5203
0.00061297,2.6719
0.00049199,2.6372
0.0029757,2.7989
0.00057155,2.8239
0.0013514,2.759
0.0031961,2.3686
0.00097812,2.6816
0.00087723,2.7074
0.0010749,2.7519
0.00032883,2.6304
0.00067324,2.7384
0.00060205,2.7865
0.0011141,2.7844
0.00016745,2.7761
0.00035994,2.7642
0.00053726,2.8277
0.00047271,2.7305
0.0014445,2.7334
0.0004963,2.734
0.00060222,2.8692
0.00075085,2.7995
0.0009682,2.8484
0.0022393,2.5516
0.0033864,2.4523
0.00039193,2.8386
0.00038275,2.7931
0.00082579,2.7396
0.002152,2.8666
0.0015942,2.7807
0.00097736,2.7956
0.0005143,2.6451
0.0015154,2.6752
0.00022397,2.629
0.0010627,2.6116
0.00062866,2.6967
0.0052191,2.3236
0.00087889,2.6849
0.00053296,2.7847
0.00052738,2.801
0.0013516,2.5195
0.0014631,2.6807
0.0013453,2.7021
0.0017967,2.7346
0.0012412,2.5746
0.0017102,2.736
0.0016787,2.7458
0.0012977,2.676
0.00091381,2.7006
0.0022123,2.6083
0.00034185,2.7578
0.0012892,2.7966
0.0011085,2.7519
0.00059701,2.7332
0.00049853,2.7195
0.00057022,2.7306
0.00068757,2.7264
0.0013327,2.8205
0.00057347,2.7733
0.00087594,2.4838
0.00041523,2.7125
0.0015746,2.4144
0.00049654,2.7328
0.00027638,2.799
0.00053096,2.6779
0.001684,2.7075
0.0015698,2.6562
0.0017694,2.7291
0.040986,2.1476
0.014492,2.6396
0.038549,2.5666
0.04124,2.5615
0.079055,2.7954
0.024984,2.4575
0.026823,2.6946
0.011233,2.6543
0.053857,2.6468
0.050983,2.2833
0.049792,2.4223
0.039496,2.1286
0.028893,2.4814
0.081414,2.0227
0.057578,2.5007
0.059797,2.5086
0.055346,2.4028
0.0019429,2.5846
0.026509,2.8051
0.016095,2.8659
0.03893,2.8415
0.024613,2.6034
0.023031,2.7593
0.01019,2.7847
0.03984,2.8814
0.01462,2.6081
0.033388,2.6679
0.039648,2.675
0.038267,2.6941
0.021709,2.6442
0.011789,2.6866
0.17048,2.8248
0.014346,2.5221
0.028157,2.6303
0.033423,2.6927
0.015376,2.6494
0.034136,2.5541
0.016989,2.7562
0.018508,2.5192
0.016129,2.7482
0.037279,2.8318
0.038011,2.7833
0.028611,2.7976
0.14247,2.7783
0.01099,2.5893
0.023172,2.5695
0.036736,2.7147
0.010106,2.7654
0.012704,2.8416
0.04677,2.8324
0.016192,2.1939
0.10855,2.8746
0.017882,2.5095
0.0027316,2.6447
0.052056,2.5276
0.11122,2.7953
0.056091,2.7851
0.032981,2.2649
0.015643,2.7207
0.029752,2.6231
0.010537,2.7933
0.0024232,2.6807
0.025315,2.6631
0.016361,2.7795
0.048481,2.8444
0.028693,2.5841
0.01911,2.7585
0.013386,2.7586
0.0013437,2.7715
0.022526,2.6157
0.016305,2.7712
0.0090976,2.6729
0.017793,2.3493
0.01665,2.8643
0.016205,2.6828
0.027878,2.776
0.10571,2.6905
0.14427,2.7944
0.031279,2.6383
0.026727,2.7701
0.014407,2.7718
0.016688,2.7081
0.087102,2.6613
0.036382,2.7633
0.023565,2.7918
0.024974,2.7177
0.048555,2.2855
0.026551,2.7645
0.027616,2.5198
0.019011,2.8478
0.038817,2.8115
0.028555,1.9573
0.020413,2.7752
0.051997,2.0942
0.1385,2.8722
0.11518,2.775
0.028472,2.887
0.12361,2.5638
0.047864,2.4673
0.033131,2.5448
0.018344,2.7769
0.094757,2.7272
0.015327,2.538
0.016741,2.7663
0.093409,2.5457
0.13967,2.8316
0.0051355,2.5889
0.01289,2.4355
0.012025,2.8008
0.0058051,2.5098
0.022142,2.8213
0.01628,2.5502
0.049758,2.6184
0.0092913,2.4949
0.013001,2.6419
0.0049699,2.6263
0.013073,2.8201
0.0090872,2.4891
0.015455,2.828
0.03598,2.7358
0.045789,2.7351
0.044096,2.8071
0.063578,2.1824
0.014733,2.7475
0.014494,2.7037
0.035196,2.5594
0.041593,2.7249
0.010847,2.696
0.032732,2.6474
0.024945,2.8233
0.097158,2.4797
0.016318,2.7771
0.01906,2.5437
0.053577,2.0739
0.036375,2.4486
0.03564,2.7268
0.016074,2.598
0.012,2.711
0.015797,2.7755
0.071851,2.4379
0.043744,2.7993
0.020916,2.6717
0.014823,2.7297
0.037715,2.7476
0.028135,2.7303
0.018381,2.819
0.034851,2.3863
0.031527,2.6699
0.029007,2.57
0.02116,2.7006
0.011471,2.5821
0.016436,2.5507
0.02523,2.62
0.024477,2.7125
0.00312,2.7109
0.023888,2.7123
0.084,2.723
0.018703,2.3995
0.0041467,2.7339
0.04001,2.6832
0.029522,2.7955
0.0026839,2.6105
0.0401,2.6733
0.026806,2.6812
0.079348,2.7343
0.035673,2.6645
0.026002,2.6507
0.023992,2.5599
0.011499,2.7107
0.0096596,2.1456
0.0085262,2.5904
0.0069114,2.5884
0.011565,2.8179
0.01107,2.2716
0.0069782,2.7263
0.0097823,2.6322
0.013171,2.0849
0.023296,2.4006
0.021128,2.0558
0.019172,2.0668
0.0094567,2.5303
0.014983,2.8019
0.028071,2.3612
0.02915,2.1131
0.016342,2.7198
0.017257,2.7891
0.017716,2.8267
0.016682,2.8442
0.0075569,2.6226
0.0092967,2.2857
0.010605,2.8135
0.012411,2.787
0.0062099,2.8822
0.0091639,2.6601
0.018099,2.517
0.008278,2.6417
0.0069782,2.6159
0.009523,2.6105
0.0009557,2.6494
0.017154,2.8437
0.0039617,2.6193
0.0069591,2.453
0.013328,1.9941
0.0098622,2.6083
0.00875,2.6496
0.0052199,2.751
0.0083892,2.6887
0.038217,2.8571
0.016887,2.6719
0.0065922,2.0144
0.0023155,2.6908
0.0024931,2.8157
0.0088566,2.8044
0.010494,2.4185
0.013142,2.8545
0.018284,2.672
0.015489,2.8559
0.017921,2.7289
0.018931,2.7314
0.017397,2.7091
0.011362,2.6851
0.011774,2.7495
0.011047,2.5152
0.0081989,2.063
0.010125,2.6953
0.0026926,2.7882
0.0049479,2.8014
0.010989,2.7178
0.0092612,2.639
0.0092706,2.7815
0.0049557,2.6292
0.011271,2.7801
0.0050778,2.6191
0.0096534,2.573
0.012469,2.3421
0.0027707,2.7273
0.015765,2.8492
0.0097132,2.6767
0.0096096,2.5927
0.013436,2.6628
0.012093,2.7965
0.0073781,2.7781
0.0075095,2.4864
0.020975,2.8536
0.0061146,2.7343
0.011247,1.9337
0.016468,2.4582
0.005099,2.7124
0.01325,2.9088
0.0062497,2.8033
0.0081687,2.7119
0.014024,2.795
0.016529,2.7227
0.015628,2.0606
0.020818,2.5178
0.018839,2.7366
0.010132,2.3091
0.0094564,2.5352
0.01758,2.6877
0.0083457,2.8385
0.016999,2.749
0.011728,2.9031
0.03434,2.5351
0.00053513,2.3476
0.0090811,2.8599
0.010349,2.4732
0.014283,2.8217
0.012329,2.6378
0.0054501,2.5254
0.015603,2.5556
0.008974,2.8319
0.014624,2.5922
0.002551,2.3447
0.008773,2.5289
0.0012733,2.7583
0.010318,2.6773
0.007128,2.5673
0.010413,2.7902
0.0046554,2.5321
0.010738,2.8616
0.0018777,2.5815
0.0098116,2.7922
0.0083474,2.1358
0.017857,2.6689
0.019341,2.4009
0.0083125,2.7935
0.0089487,2.5439
0.0058711,2.6399
0.0031941,2.3978
0.029904,2.7792
0.0092999,2.6441
0.015796,2.7509
0.0086524,2.7849
0.011103,2.8667
0.016255,2.5702
0.020976,2.5308
0.015768,2.3108
0.0027902,2.7246
0.013916,2.5114
0.012738,2.7423
0.014108,2.4342
0.016496,2.4917
0.014081,2.8432
0.010303,2.7025
0.012242,2.6662
0.00070328,2.7769
0.0091438,2.6606
0.017185,2.7302
0.0089116,2.7817
0.0095146,2.7004
0.005796,2.6938
0.013479,2.5742
0.0056104,2.6038
0.019128,2.7922
0.0044419,2.7013
0.011871,2.623
0.0066557,2.2485
0.0081921,2.744
0.0061743,2.6263
0.0089073,2.6878
0.0080336,2.7791
0.0088768,2.51
0.011531,2.376
0.010731,2.6647
0.022613,2.5769
0.0026098,2.4052
0.011211,2.4125
0.0097044,2.629
0.0083209,2.631
0.022127,2.8433
0.024043,2.1141
0.048901,2.5994
0.013588,2.4778
0.019542,2.438
0.014871,2.0031
0.034931,2.815
0.016134,2.3557
0.030625,2.8552
0.041388,2.2397
0.039701,2.4991
0.035024,2.8704
0.011567,2.6863
0.022941,2.888
0.019008,2.872
0.033335,2.6546
0.017223,2.7729
0.032682,2.8842
0.037368,2.9462
0.016119,2.6425
0.021074,2.8319
0.0066798,2.6924
0.015627,2.383
0.0084298,2.6332
0.0084512,2.6623
0.072867,2.8756
0.010305,2.4214
0.0036997,2.65
0.011054,2.6616
0.019496,2.5912
0.0052731,2.7906
0.022977,2.8617
0.0079708,2.6085
0.017661,2.8271
0.029702,2.869
0.03211,2.8554
0.036661,2.898
0.080985,2.884
0.02148,2.7424
0.043639,2.8275
0.030209,2.8036
0.013768,2.7853
0.030065,2.8918
0.031392,2.8897
0.028978,2.9241
0.025044,2.8034
0.017608,2.6376
0.039723,2.8832
0.027908,2.7093
0.030146,2.8349
0.0096165,2.8932
0.077703,2.8006
0.025228,2.8359
0.013769,2.639
0.014725,2.5112
0.0059358,2.7426
0.010962,2.8233
0.0095283,2.8829
0.0058833,2.6211
0.0023903,2.7872
0.010888,2.7153
0.019637,2.8148
0.0037875,2.6283
0.015012,2.6941
0.010599,2.657
0.016541,2.254
0.010684,2.9519
0.022249,2.6843
0.0087948,2.9294
0.030472,2.7796
0.035348,2.7964
0.03719,2.8778
0.036191,2.8532
0.027806,2.8849
0.013037,2.5736
0.0054551,2.9042
0.0070618,2.5978
0.028496,2.8339
0.038131,2.6726
0.04847,2.7224
0.028762,2.9572
0.025387,2.8546
0.021744,2.8752
0.011875,2.5203
0.032969,2.9215
0.041549,2.7255
0.031277,2.8739
0.02003,2.4598
0.045042,2.5961
0.074423,2.9473
0.024811,2.8245
0.041087,2.8803
0.032256,2.626
0.010836,2.5176
0.023433,2.9162
0.026294,2.6136
0.0091423,2.8841
0.031214,2.706
0.0083855,2.505
0.016904,2.7889
0.036225,2.5824
0.032255,2.8713
0.028651,2.8773
0.00226,2.7251
0.0048722,2.5304
0.012995,2.7089
0.0063424,2.5626
0.016414,2.8874
0.0039056,2.3666
0.0082389,2.6018
0.026578,2.7214
0.037648,2.9241
0.015629,2.694
0.014527,2.8664
0.017356,2.6732
0.024536,2.8726
0.018988,2.8998
0.036905,2.7377
0.022692,2.7725
0.031976,2.8853
0.040066,2.8162
0.030392,2.6834
0.0080137,2.8666
0.010927,2.676
0.014485,2.7167
0.013926,2.6006
0.017564,2.8652
0.017,2.6276
0.02547,2.7651
0.022726,2.5717
0.014998,2.8264
0.017606,2.447
0.026941,2.859
0.0081312,2.6902
0.0073746,2.7279
0.018618,2.4047
0.0056895,2.6809
0.023018,2.4794
0.011181,2.7571
0.0069009,2.5943
0.0041568,2.6955
0.013502,2.5856
0.031539,2.7865
0.0090435,2.7306
0.010003,2.7779
0.019188,2.4198
0.018067,2.6841
0.012137,2.7502
0.022882,2.6168
0.0044233,2.5443
0.017796,2.6553
0.018426,2.279
0.018634,2.5918
0.055157,2.7796
0.022869,2.3958
0.021373,2.6803
0.0086631,2.7513
0.015488,2.6687
0.032902,2.83
0.013325,2.6023
0.035659,2.5387
0.050719,2.6279
0.03563,2.8485
0.016074,2.5057
0.023384,2.3053
0.029353,2.7002
0.021926,2.4576
0.018227,2.5195
0.025792,2.6285
0.021655,2.4249
0.034379,2.7007
0.046621,2.8252
0.035521,2.6465
0.01553,2.7588
0.034585,2.4403
0.01455,2.5855
0.013608,2.6238
0.023634,2.8054
0.017729,2.8941
0.022544,2.8872
0.02851,2.655
0.026811,2.8151
0.023795,2.7848
0.033028,2.906
0.024062,2.9351
0.015149,2.6322
0.015772,2.8301
0.0021835,2.3177
0.0064319,2.6792
0.008097,2.6044
0.052592,2.8925
0.0069337,2.5869
0.0096172,2.6691
0.028729,2.9061
0.014553,2.6733
0.0078035,2.8094
0.014318,2.6033
0.022196,2.8345
0.026547,2.8851
0.031111,2.8629
0.03874,2.9203
0.0054711,2.8268
0.073925,2.9013
0.01289,2.5101
0.018107,2.7506
0.013524,2.608
0.020197,2.7606
0.022629,2.8436
0.037903,2.8935
0.03425,2.8889
0.028321,2.8607
0.024773,2.8389
0.010284,2.5911
0.040191,2.8897
0.020909,2.7811
0.03347,2.7004
0.012998,2.9085
0.051986,2.7611
0.024945,2.8325
0.0029244,2.6238
0.005513,2.5532
0.0020152,2.7524
0.016467,2.711
0.0037814,2.8432
0.0033636,2.9055
0.0097861,2.831
0.0066965,2.5966
0.0060588,2.7676
0.0052912,2.621
0.020988,2.8592
0.0097829,2.7304
0.0098017,2.6149
0.0118,2.9491
0.020129,2.7776
0.034691,2.7806
0.051279,2.9014
0.045917,2.6998
0.014949,2.6241
0.023574,2.7857
0.023386,2.7439
0.042173,2.7559
0.0096292,2.5236
0.007796,2.8155
0.01398,2.8728
0.015681,2.5659
0.0092487,2.6054
0.013349,2.845
0.015765,2.8979
0.038483,2.9229
0.020403,2.8429
0.03576,2.9361
0.031093,2.7369
0.022775,2.5979
0.017119,2.8627
0.025569,2.6436
0.024069,2.7471
0.034548,2.7271
0.035377,2.8612
0.0040827,2.7099
0.0074676,2.4824
0.003976,2.8093
0.0044194,2.6088
0.0052881,2.6359
0.023227,2.9259
0.0038767,2.6869
0.0083333,2.6504
0.038206,2.9278
0.0096378,2.489
0.007738,2.8842
0.014315,2.7651
0.013761,2.7625
0.022656,2.8644
0.025884,2.8516
0.010226,2.6801
0.0275,2.7407
0.038999,2.8904
0.025298,2.7845
0.040949,2.7998
0.011941,2.5041
0.0073626,2.8419
0.0092729,2.8073
0.021782,2.9038
0.01874,2.6026
0.02635,2.7735
0.015449,2.7536
0.013606,2.6179
0.022982,2.7245
0.011462,2.8108
0.017609,2.4487
0.015978,2.3558
0.021462,2.847
0.029157,2.7606
0.010036,2.4418
0.012899,2.8761
0.02277,2.4172
0.017214,2.5346
0.0083435,2.698
0.009686,2.6018
0.014235,2.0326
0.0054786,2.7588
0.0080819,2.6392
0.0033994,2.6357
0.010836,2.5956
0.009758,2.8193
0.010759,2.288
0.016058,2.6827
0.009,2.7502
0.031972,2.6827
0.017058,2.2933
0.00083758,2.6369
0.019459,2.4027
0.0073102,2.7106
0.010826,2.819
0.010005,2.5895
